6662
6732
6690
6660
6496
6607
6450
6523
6464
6361
6377
6315
6303
6261
6255
6177
6162
6061
6082
6085
6015
6080
5988
6127
6054
6003
5964
6018
5976
5819
5849
5676
5816
5743
5622
5661
5734
5658
5674
5657
5628
5640
5668
5672
5678
5651
5567
5605
5453
5625
5538
5588
5518
5423
5437
5326
5429
5405
5268
5082
5115
5040
4977
4932
4702
4569
4517
4383
3879
4218
4021
4026
3936
3924
3905
3904
4003
4080
4064
4090
4109
3765
4236
4073
3998
3840
3735
3594
3501
3428
3379
3560
3564
3543
3466
3444
3423
3358
3293
3273
3298
3299
3367
3319
3292
3367
3321
3330
3338
3361
3241
3307
3302
3327
3350
3358
3407
3319
3327
3352
3255
3389
3449
3353
3335
3336
3434
3370
3362
3465
3503
3452
3502
3449
3553
3553
3684
3793
3719
3747
3716
3832
4053
4064
4129
4182
4288
4268
4514
4227
4560
4495
4707
4493
4859
5150
5147
5272
5247
5167
5180
5324
5467
5321
5294
5409
5491
5446
5642
5408
5409
5411
5289
5267
5137
5028
4773
4683
4769
4896
4941
5063
5216
5176
5236
5201
5224
5420
5543
5687
5701
5764
5744
5572
5530
5452
5182
5196
5216
5093
5267
5494
5397
5585
5461
5450
5471
4930
4988
4679
4311
4371
4173
3954
3923
3732
3703
3658
3669
3612
3520
3255
2884
2531
2617
2512
2353
2309
2267
2311
2551
2655
2774
2920
3124
3354
3543
3602
3787
3757
3785
3899
3874
3890
3802
3841
3984
4139
4210
4442
4654
4778
4986
5532
5810
6113
6382
6528
6044
5586
5211
5241
5110
5056
4883
4898
4417
4534
4615
4639
4594
4424
3900
4003
3869
3884
3744
3357
3641
3502
3237
2814
2652
2541
2199
1754
1501
1597
1605
1691
1521
1586
1701
1897
1967
2059
2113
2118
2090
1941
1909
1928
2082
2314
2506
2512
1896
1852
1776
1721
1663
1732
1769
1761
1700
1702
1657
1737
1878
2125
2265
2415
2468
2689
2645
2493
2464
2455
2311
2327
2453
2608
2649
2743
2389
2418
2495
2807
3039
2866
2689
2490
2470
2658
2325
2045
2150
2168
2217
2542
2925
3034
3070
3054
2941
2957
2874
2901
2918
3000
3113
3072
3169
3155
3197
2967
2836
2710
2802
2972
3083
3075
3013
3213
3349
3546
3917
3973
3715
3442
3511
3282
2735
2591
2703
2865
3011
3314
3652
3840
3691
3535
2936
2602
2152
2256
2320
2407
2490
2308
2353
2546
2322
2333
2288
2444
2300
2065
1993
1989
2336
2342
2399
2528
2486
2463
2184
2220
2165
2372
2234
2223
2001
1990
2387
2280
2273
2522
2353
2483
2584
2436
2362
2328
2260
2321
2411
2538
2609
2432
2395
2191
2167
2061
2083
2156
2006
1987
1893
2033
2072
2173
2371
2223
2394
2436
2439
2585
2549
2527
2568
2577
2668
3010
3312
3502
3830
4067
4287
4473
4682
5057
5552
5993
6019
6019
6165
6164
6641
6282
6474
6516
6347
6140
5654
5649
5532
5528
5054
4833
4576
4594
4815
4776
4517
4207
3920
3878
3367
3360
3432
3402
3589
3788
3598
3517
3679
3767
3870
4299
4518
4961
5117
5608
5572
5988
6442
5773
6453
6324
6251
6329
6166
6355
5730
5944
6039
5992
6199
5976
6116
6227
6141
6017
5571
5312
5695
5587
5920
5986
5478
5241
4924
5001
5198
5193
5321
5076
5058
5233
5310
5577
5565
5539
5274
5061
5090
5171
5194
5346
5329
5414
5574
5634
5607
5801
5866
5922
5835
5741
5884
5996
5972
5847
5424
5824
5792
5723
5819
5759
5757
6041
6010
6406
6276
6415
6110
6282
5846
5540
5168
4967
4952
4954
4940
4994
4857
5037
4988
5060
5223
5253
5520
5551
5697
5317
5360
5121
4991
4903
4741
4691
4768
4734
4791
4676
4204
4491
4278
3633
4118
3865
3068
3609
2987
2760
2570
2399
2104
1867
1759
1779
1725
1759
1811
1721
1661
1658
1620
1650
1728
1794
1849
1846
1830
1845
1802
1943
2272
2371
2522
2825
3067
3180
3229
3461
3467
3310
3352
3517
3628
3936
4069
4207
4489
3911
4161
3571
3791
4058
4096
4067
4385
4531
4596
4784
4904
5081
5291
5091
5209
5203
5087
4952
4615
4362
4132
3927
3872
4065
4092
4261
4437
4547
4334
4192
4018
3810
3909
3774
3918
4223
4307
4477
4607
4620
4482
4356
4363
4214
4047
3794
3807
3548
3380
3372
3368
3234
3298
3108
3476
3301
3827
3714
3835
3880
3920
4022
4174
4163
4042
4034
4149
4508
4542
4409
4162
4189
4188
4128
3891
4016
3631
3655
3598
3420
3218
3089
3024
3001
2967
2881
2802
2821
2541
2664
2732
2788
2816
2850
2988
3137
3370
3526
3646
4198
4782
4888
4938
4892
5031
5196
5618
6035
6312
6238
6075
5422
5407
5701
5593
5552
5905
6215
6735
7211
7946
7808
6924
7132
7069
6646
6011
5222
4672
4962
4965
5465
5497
5977
5849
5838
5853
5747
5697
5717
5716
5919
6080
5940
5633
5480
5448
5675
5718
6109
6439
6911
6718
6527
6595
6224
5204
4364
4251
4308
4635
4772
5010
5117
5316
4919
4263
4191
4151
4055
4027
3913
3838
3846
4059
3845
3736
3598
3920
3595
3801
3304
3601
3087
3753
3489
3506
3530
3678
3651
3824
3888
3736
3655
3681
3846
3884
3841
4111
3979
3917
3740
3661
3587
3310
3222
3166
3319
3317
3527
3626
3652
3787
4078
4043
3692
3572
3210
2828
2791
2763
3000
3041
3210
3318
3472
3093
2968
3008
2907
3073
3107
3363
3684
3964
3997
4013
4083
3808
3936
3533
3115
2558
2274
1972
1637
1661
1702
1777
1953
2051
2316
2466
2267
2273
2245
2267
2249
1944
1556
1412
1418
1503
1487
1477
1479
1520
1504
1591
1671
1695
1771
1901
1981
2003
1910
1809
1901
2027
2124
2038
2001
2153
2099
1901
1689
1780
1966
2048
2253
2212
2106
1984
1812
1561
1621
1709
1765
1596
1535
1688
1851
2029
2065
2032
1977
2118
2090
2074
2022
2102
2040
1993
2018
2060
2020
1991
2022
1999
2089
1960
2161
2127
2194
2205
2187
2057
2032
1929
2102
1743
1724
1891
1544
1572
1749
1936
2197
2377
2633
2710
2699
2661
2670
2674
2496
2303
1940
1579
1451
1450
1185
1208
1306
1257
1161
1085
1088
994
981
947
940
921
945
934
904
916
908
943
902
943
955
950
964
909
969
932
867
912
969
954
943
959
959
1030
1092
1119
1078
1143
1111
1115
1160
1128
1109
1112
1125
1070
1080
1085
1192
1169
1292
1372
1441
1540
1505
1544
1439
1475
1504
1499
1523
1517
1617
1491
1604
1560
1531
1537
1533
1516
1528
1541
1522
1572
1438
1530
1596
1594
1590
1542
1601
1656
1751
1823
1836
1894
1996
2134
2135
2167
2195
2130
1928
2129
2085
2095
2110
2220
2296
2192
2229
2204
2156
2107
2236
2225
2188
2173
2137
2088
2081
2116
2020
1974
1950
1935
1946
1980
1927
1836
1958
1922
1888
1869
1862
1826
1758
1902
2018
2291
2415
2530
2525
2736
3137
3332
3372
3179
2781
2499
2238
2073
1985
1698
1783
1837
2173
2132
2216
2296
2453
2748
2782
2700
2305
1947
1668
1620
1647
1647
1577
1622
1684
1771
1717
1910
1969
2021
2075
2132
2147
2185
2321
2689
3112
3535
3774
4143
4703
5080
4933
4726
4579
4245
4463
4556
4439
4412
4421
4289
4209
4045
3875
3631
3711
3617
3638
3686
3612
3525
3456
3417
3234
3098
2919
2730
2563
2510
2432
2433
2424
2431
2349
2300
2275
2445
2605
2729
2912
2905
2995
2957
3174
3331
3503
3583
3678
3585
3491
3551
3534
3488
3313
3294
3129
3039
2907
2907
2870
2911
2877
2923
2824
2806
2658
2726
2850
2875
3013
3044
3003
2983
2778
2618
2466
2303
2339
2342
2386
2399
2395
2548
2590
2732
2772
2970
3132
3394
3727
3980
4032
4157
4333
4588
4479
4093
4176
4378
4582
4746
4985
5061
5308
5794
6098
6400
6836
6811
6545
6196
6246
6095
5853
6139
6206
6397
6641
6635
6895
7254
7219
7083
6976
6750
6199
5917
5878
5346
5546
5376
5184
5039
5087
5361
5273
5248
5172
4982
4785
4801
4719
4646
4289
4198
4230
4192
4228
4214
4152
4018
3777
3439
3310
3193
3074
3261
3307
3413
3431
3424
3370
3398
3382
3355
3521
3690
3885
3645
3773
3857
4010
4220
4444
4751
5093
5051
5064
4745
4747
4396
4442
4123
4210
3728
4571
4571
4455
4568
4356
4376
4176
4239
4601
4766
5087
5418
5725
5923
6139
6020
5802
5644
5538
5895
5922
6248
5484
5959
6207
6752
6637
6802
6822
6508
6428
6247
5691
5399
4919
4795
4774
4821
4739
4847
4993
4994
4955
4930
5076
5119
4990
4921
4756
4722
4791
4962
5156
5291
5445
5585
5306
4721
4908
4641
4580
4115
4612
4146
4082
4232
4233
4221
4381
4486
4556
4578
4309
4268
4239
4175
4150
4030
4224
4090
4223
4245
4405
4355
4314
4245
4275
4336
4303
4395
4519
4330
4321
4089
4219
4235
4228
4201
4108
3961
4147
4185
4276
4210
4356
4585
4562
4443
4090
3797
3781
3877
3780
3701
3831
3700
3579
3255
3188
3246
3355
3551
3824
3874
3791
3761
3936
4061
3953
3486
3218
2971
2751
2640
2303
2294
2544
2589
2742
2849
2731
2683
2791
2828
2920
2888
2894
2796
2573
2295
2090
2199
2332
2639
2720
2560
2395
2060
1982
1742
1557
1943
1989
1805
1871
1716
1759
1808
1934
1946
1865
1796
1768
1765
1674
1606
1681
1768
2075
2217
2092
1960
1624
1421
1453
1562
1710
2007
2078
2165
2337
2306
2083
2079
2195
2173
2147
2122
2032
2144
2262
2299
2437
2690
2624
2464
2433
2248
2237
2145
2334
2286
2544
2643
2558
2218
1687
1615
1758
1788
1869
1850
1759
1668
1675
1628
1766
2044
2144
2063
1845
1620
1540
1584
1879
1988
1870
1573
1481
1502
1728
1686
1710
1537
1480
1601
1920
2291
2557
2592
2496
2534
2510
2302
2047
2354
2962
3624
3933
4125
4128
3977
3323
3114
3610
3626
3511
3039
2482
1999
1817
1911
1964
1874
1838
1886
1919
1919
1961
2171
2731
3295
3253
2888
2345
1903
1831
1814
1606
1539
1655
1615
1372
1227
1399
1347
1425
1466
1711
1689
1775
1751
1909
1908
2031
2149
2320
2441
2399
2277
1996
1984
2171
2163
2306
2561
2382
2369
2337
2666
2904
2898
2862
2761
2638
2412
2256
2000
1760
1949
2189
2634
3160
3057
3066
3070
2915
2931
2607
2660
2822
2685
2549
2731
2799
2840
2728
2400
2285
2294
2203
2005
1828
1713
1712
1855
1991
2059
2117
1965
1871
1805
1744
1759
1677
1689
1763
1708
1695
1736
1690
1749
1903
1928
2053
1956
1938
1928
1945
1880
1940
1997
2194
2340
2610
2806
2928
2929
2852
2953
2921
2839
2991
3010
2920
2876
2952
3012
3004
3228
3418
3577
3719
3878
4309
4722
4835
5134
5306
5662
6026
6432
6100
5860
5699
5518
5211
5380
5451
5618
5916
6406
6534
6591
6361
6175
5633
5238
4885
4884
5029
4943
4717
4301
4080
3894
3592
3623
3599
3710
3866
3707
3590
3783
3815
3981
4378
4612
5007
5293
5550
5761
6185
6317
6292
6352
6622
6599
6936
6332
6274
6580
5957
6106
6372
6572
6213
6243
6430
6398
6260
6025
5473
5599
5894
5690
6004
6087
5815
5460
5230
5270
5245
5466
5531
5558
5304
5277
5456
5416
5420
5327
5003
4764
4671
4361
4401
4219
3967
3800
3572
3445
3182
3238
3117
3256
3258
3178
3391
3346
3156
3349
3511
3580
3813
4036
4178
4072
4050
3664
3525
3569
3706
3787
3646
3278
3144
3509
3088
3170
2949
3142
3111
3027
3298
3446
3619
3811
3867
4112
4221
4347
4598
4710
4698
4415
4320
4070
3399
2629
2304
2283
2363
2446
2579
2994
3250
3220
3148
3093
2562
2291
2014
1732
1538
1626
1709
1847
2028
2224
2479
2565
2416
2353
2439
2507
2333
2432
2429
2453
2278
2197
1986
1872
1912
2134
2597
2958
2951
2925
2989
3124
3013
2974
3276
3885
4750
5104
4799
4510
4099
4240
4194
3736
3776
3763
3913
4125
4163
4238
3965
4007
4329
4728
4934
4854
4861
4497
4114
3562
2863
2883
2839
3015
3151
3434
3229
3156
3031
3240
3221
3431
3411
3272
2753
2252
1794
1652
1925
1799
1912
2165
2165
2204
2242
2337
2224
2386
2669
2976
3131
3272
3796
4527
5265
5768
5943
5924
6296
6219
6035
5800
4733
3905
3497
3496
3884
4038
4623
4495
4637
4256
4258
4762
5223
5076
5071
5096
5100
4870
4887
4821
5123
5253
5216
5431
5248
5122
5035
4866
4819
4809
4861
4958
5061
5018
5037
5026
5051
4963
5062
5321
5122
5226
4988
5042
4870
4797
4566
4615
4448
4255
4340
4223
4156
3891
3563
3371
3318
3146
2985
2876
2800
2946
2869
3118
3264
3432
3757
4026
4175
4313
4443
4515
4798
4732
4843
4773
4562
4525
4571
4683
4612
4657
4738
4761
4701
4854
5001
4799
4751
4710
4687
4599
4525
4433
4274
4270
4327
4477
4581
4761
4747
4937
5123
5076
5252
5278
5480
5469
5538
5603
5556
5577
5486
5356
5349
5354
5359
5449
5408
5199
5085
5288
5558
5582
5760
5773
5635
5604
5198
5046
5167
4934
5096
5345
5423
5607
5711
5830
5711
5965
6188
6263
6081
5899
5805
5666
5622
5624
5804
5928
5935
6041
6237
6398
6022
5880
5802
5607
5586
5593
5511
5715
5560
5612
5698
5613
5543
5564
5459
5457
5596
5556
5657
5805
5823
5927
6038
6107
6151
6172
6331
6412
6286
6431
6266
6346
6346
6388
6368
6809
6345
6695
7113
7150
7270
7222
6972
6614
6558
6292
6090
6045
6036
6370
6582
6782
7141
7595
8004
8544
8594
8468
8578
8361
8054
7361
6918
6531
6289
5756
5506
5322
5018
5306
5369
4965
5428
4892
4715
4110
4286
4128
4089
4040
4028
4143
4281
4269
4079
4150
4058
3949
3885
3788
3726
3682
3527
3716
3769
3646
3484
3175
3274
3334
3189
3088
3217
3395
3650
3698
3755
3917
3907
3695
3801
3791
3360
3297
3245
3257
3466
3486
3365
3389
3313
3363
3474
3216
3337
3275
3449
3383
3239
3115
3127
2785
2760
2739
2631
2681
2842
2928
2944
3118
3253
3419
3620
3557
3306
3521
3575
3730
3479
3528
3686
3939
4069
4228
4274
4102
4306
4244
4304
4500
4396
4189
4762
4835
4793
5127
5204
5008
4999
4888
4450
4686
4562
4349
3781
3793
3852
4049
3944
4109
4121
3969
3852
3859
3595
3719
3638
3529
3469
3117
3025
3032
2910
2944
2996
2941
2889
2775
2789
2585
2684
2622
2623
2744
2724
2762
2816
2860
2912
2619
2634
2712
2746
2808
2877
2982
2949
3021
2963
2947
2928
2945
2972
3094
3068
2907
3118
3107
3111
3097
3223
3128
3140
2996
3024
2881
2724
2627
2473
2467
2313
2117
2082
1983
1766
1654
1601
1466
1406
1307
1423
1406
1432
1405
1339
1453
1395
1328
1227
1171
1113
1084
1137
1153
1215
1284
1253
1284
1245
1207
1185
1080
1014
957
924
898
914
900
886
940
1067
1233
1320
1556
1720
1778
1897
2090
2173
2386
2488
2495
2584
2552
2539
2559
2482
2403
2250
2248
2250
2234
2249
2312
2485
2488
2432
2496
2480
2559
2499
2593
2539
2575
2637
2682
2648
2616
2648
2601
2518
2554
2529
2579
2642
2694
2657
2738
2801
2755
2600
2479
2430
2470
2574
2536
2570
2637
2686
2704
2876
2934
3155
3251
3198
3030
2992
3064
3060
3108
3186
3239
3171
3207
3032
3193
3156
3121
2951
2689
2237
2142
2012
2079
2210
2323
2367
2487
2561
2636
2547
2750
2823
2854
3024
2930
2976
3200
3306
3374
3311
3520
3966
4340
4475
4423
4382
4649
4728
5037
4996
4993
5252
5068
4664
4440
3966
3737
3681
3752
3529
3266
3353
3382
3128
2964
2809
2863
3035
3188
3118
3060
3144
3505
3956
4729
4633
4938
5006
5012
5048
5003
4770
4861
4950
4767
4445
4523
4580
4768
5113
5611
6032
5751
5129
4364
3690
3286
3391
3408
3067
2906
2785
2438
3362
3179
3109
3034
3020
2875
2880
2696
2553
2406
2350
2244
2170
2134
2052
2093
2152
2392
2557
2884
3173
3596
3952
4162
4426
5018
4533
4798
4727
4950
4215
4190
4205
4473
4618
4718
4983
5330
5533
5551
5404
5345
5065
4706
4289
4252
4453
4692
4693
4738
4739
4638
4447
4148
3952
3901
3965
3981
4142
4040
4281
4351
4421
4080
4362
4121
3772
3726
3684
3590
3227
3201
2982
2751
3042
3082
3118
3524
3609
3706
3743
3784
3842
3776
3754
3748
3810
4170
4361
4414
4205
3842
3752
3720
3686
3627
3246
3185
3497
3352
3175
3225
3096
3048
2837
2850
2833
2759
2702
2748
2668
2579
2679
2657
2657
2773
2743
2503
2444
2408
2174
2223
2184
2105
2203
2325
2322
2210
2216
2347
2187
2071
1947
2028
2213
2283
2392
2504
2410
2397
2493
2499
2590
2661
2725
2855
2927
3107
3358
3501
3515
3413
3343
3363
3288
3109
3024
3153
3250
3250
3268
3189
3137
3296
3391
3555
3682
3692
3663
3642
3387
3220
3307
3042
3090
3060
3208
3487
3454
3664
3702
3819
3979
3977
4079
4093
3868
3980
4073
4062
4047
4400
4393
4523
4850
4972
4958
4970
4595
4167
3983
3834
3329
3013
2789
3010
2846
2561
2142
2141
2063
2192
2276
2326
2374
2399
2293
2385
2444
2479
2422
2350
2339
2262
2232
2169
2176
2315
2537
2448
2588
2456
2495
2463
2288
2335
1876
2006
2378
2524
2386
2237
2337
2146
2183
2148
2234
2403
2629
2945
2940
2942
2839
2895
2879
2992
3001
2982
3066
2997
2330
1879
1620
1575
1621
1510
1651
1793
1876
1859
1841
1926
2093
2168
2298
2284
2208
2619
2970
3119
3167
3090
3672
3959
3885
3725
3267
3052
3112
2991
3021
3084
3260
3241
3320
3343
3322
3211
2969
2723
2308
2121
2278
2221
2223
2288
2296
2373
2287
2221
2218
2169
2200
2252
2293
2300
2354
2380
2404
2391
2418
2544
2636
2684
2912
2960
3111
3407
3609
3613
3783
3889
4031
4289
4242
4128
4234
4207
4137
4351
4184
4531
4648
4690
4338
4006
4011
3876
3565
3652
3933
4021
4280
4757
4612
4365
4315
4475
4675
4952
5122
5226
5282
5509
5653
5325
5481
5956
6174
6374
5729
5345
4952
4744
4905
4665
4248
4202
3563
3178
3652
3757
3876
3947
3757
3297
3361
3490
3091
2937
3022
3299
3431
3354
3450
3499
3930
4270
4586
4696
4947
5357
5148
4850
4628
4679
4614
4385
3945
3131
2949
2936
2961
2632
2714
2806
3046
3206
3277
3329
3513
3776
3488
3151
2311
2247
2361
2747
2399
1842
1762
1770
2092
2077
2165
2278
2274
2426
2257
2067
2103
2006
1857
1653
1657
1506
1447
1384
1234
1163
1309
1366
1473
1477
1577
1636
1812
1824
2079
2182
2292
2313
2529
2450
2625
2491
2654
2675
2613
2699
2766
2786
2704
2553
2235
1881
1631
1669
1670
1634
1504
1432
1451
1479
1439
1509
1411
1400
1209
946
873
835
873
867
832
1014
1033
997
1109
1083
1148
1171
1189
1227
1310
1353
1362
1300
1243
1196
1300
1443
1681
1888
2371
2879
3327
3454
3424
3527
3532
3444
3421
3285
3283
3374
3449
3654
3830
3892
3871
4160
4446
4445
4408
4376
4287
4413
4505
4733
4792
5014
5104
5118
5084
4997
5153
5450
5593
5697
5769
5690
5406
5357
5184
5302
5910
6235
6205
6233
6623
6384
6354
5484
4610
4764
5002
4333
4010
4145
4466
4533
4579
4610
4762
5407
5704
6193
6232
6278
5974
6248
6528
6636
6092
5585
5072
4528
4296
3791
3240
3260
3263
3427
3651
3884
3989
4454
5067
6089
6185
5975
5617
5721
5354
5376
6041
6057
5256
5381
5389
5554
5622
5913
5665
5254
5144
4835
4757
4928
5263
5042
4817
4080
4010
3930
3691
3632
3467
2989
2619
2545
2560
2661
2852
2936
3129
3300
3599
4100
4338
4381
4345
4337
4317
4146
3981
3849
3737
3662
3634
3730
3499
3118
2973
2701
2459
2311
2144
2036
1991
1940
1922
1857
1837
1799
1745
1759
1784
1694
1813
1818
1881
1934
1907
1881
1921
1788
1830
1800
1818
1863
1878
1858
1859
1944
1840
1883
1824
1772
1656
1626
1427
1258
1324
1257
1137
1128
1089
1022
983
961
1004
957
1020
996
1018
1071
1104
1123
1164
1224
1260
1320
1365
1326
1368
1504
1645
1677
1860
1836
2091
2268
2496
2662
2456
2212
2016
1860
2049
2349
2645
2464
2157
2057
1781
1434
1252
1209
1155
1105
1158
1157
1125
1161
1062
1083
1135
1162
1191
1123
1161
1060
1093
1185
1190
1240
1347
1463
1513
1527
1492
1393
1321
1280
1145
1222
1271
1524
1680
1888
2009
2148
2187
2407
2704
3023
3264
3481
3383
2971
2451
1935
1596
1278
1203
1221
1073
1027
1014
1130
1407
1780
2046
2519
3025
3150
2902
2521
2115
1812
1496
1509
1796
2213
2604
2801
2648
2571
2661
2673
2805
2814
2836
2892
2399
2230
1687
1475
1369
1346
1671
2361
2568
2457
2227
1933
1906
2055
2091
2174
2207
2180
2005
1829
1592
1551
1453
1554
1758
1876
2208
2329
2495
2456
2109
1818
1833
1856
2555
2915
3087
3245
3106
3067
3036
3251
3348
3408
3218
3024
2739
2162
1940
1610
1642
1619
1689
1658
1631
1598
1547
1520
1536
1489
1551
1560
1553
1495
1374
1381
1423
1460
1533
1620
1717
1846
1908
1959
2110
2032
1918
1784
1779
1712
1743
1845
1958
2135
2051
2090
2099
2092
2140
2114
2146
2167
2155
2175
2192
2200
2181
2102
2162
2274
2344
2261
2149
2075
2026
2090
2144
2242
2263
2256
2142
2056
2032
2111
1943
1839
1817
1959
2118
2135
2274
2609
2637
2613
2577
2568
2402
2088
1972
1748
1443
1316
1257
1206
1412
1406
1474
1493
1690
1828
2004
2032
1844
1827
1641
1613
1969
1975
2003
1819
1720
1680
1631
1750
1784
1911
1992
2079
2430
2469
2369
2226
2310
2373
2429
2226
2130
2079
2244
2323
2219
1955
1710
1620
1627
1831
2155
2229
2363
2722
2930
3093
2981
2973
3004
3004
2995
3264
3123
2964
2775
2759
2840
2983
3227
3464
3640
3850
4061
4069
4179
4196
4244
4304
4259
4205
4246
4283
4214
3625
3573
3344
3325
3392
3071
3001
3168
3506
3494
3521
3312
3599
3610
3662
3932
3669
3892
3674
3733
3712
3715
3816
3720
3829
4061
4074
4347
4720
4896
4867
5036
5046
4927
5039
5235
5692
5725
5560
5141
4954
4715
4658
4500
4155
4305
4513
4566
4694
4952
5423
5878
5925
5939
5677
6040
6089
6385
6458
6363
6152
5737
5559
5331
5298
5145
5383
5307
5108
4783
4612
4481
4173
3669
3537
3697
3445
3449
3406
3045
2702
2703
2754
2790
2683
2661
2902
3083
2912
2970
2935
3059
2994
3273
3384
3562
3893
4049
4287
4350
4521
4492
4514
4774
4986
5007
5117
5025
4934
4783
4620
4641
4587
4451
4135
4060
3911
3620
3536
3509
3593
3657
3639
3569
3543
3789
4049
4506
4890
5070
5163
5200
5372
5475
5697
5656
5520
5253
4769
4780
4995
5257
5595
5398
5963
5920
6312
6199
6670
6444
6629
6756
7060
7178
7210
7182
7196
7103
7114
6745
6464
6042
5247
5138
5152
4920
4904
4939
5107
5114
5066
5105
5036
4857
5040
5261
5961
6329
6201
6199
6069
6281
6272
6535
6613
6493
6616
5858
5730
5200
5366
4943
4524
4002
3557
3486
3481
3685
3800
3816
3692
3998
4003
3934
4286
4604
4656
4727
4735
4540
4193
3814
3952
4009
4055
4036
4048
3871
3864
3640
3666
3690
3775
4028
4189
4376
4508
4705
4861
4683
4719
4276
3919
3788
3451
3539
3704
4008
3971
3506
3623
3996
3761
3631
3564
3474
3820
4167
4394
4219
3874
3787
4021
3975
3898
4126
4256
4535
4665
4505
4545
4352
4330
4682
4665
4856
4777
4747
4516
4458
4643
4491
4423
4744
5155
5147
5325
5029
4957
4964
4998
4893
4972
5027
4704
4461
4440
4152
3745
3153
2650
2673
2765
2815
3029
3357
3499
3189
3155
3026
2985
2872
2797
2647
2707
2810
2933
2933
3006
3123
3131
3301
3038
3056
3068
3219
3292
3536
3630
3841
4004
4003
4294
4890
5394
5728
5721
5796
5936
6160
5836
5538
5810
5440
5006
4434
4500
4526
4615
4640
4405
4284
4156
4180
4057
3899
3399
2653
2434
2434
2227
2215
2372
2658
2974
3085
3212
3288
3246
3641
4064
4342
4370
4511
4669
4545
4383
4363
4748
4762
4647
4870
4896
4849
4385
3812
3554
3097
2858
2671
2701
2802
2655
2576
2879
2901
2828
2829
2882
2853
3051
3186
3391
3586
3420
3549
3703
3840
3918
3963
4021
4159
3865
3598
3445
3203
2788
2532
2483
2323
2251
2237
2234
2209
2250
2201
2288
2461
2552
2662
2733
2791
2884
2920
2798
2794
2785
2988
2984
3008
3080
3162
2981
2912
2817
2782
2673
2522
2582
2621
2827
2741
2643
2638
2639
2738
2750
2661
2646
2761
2597
2622
2549
2574
2475
2385
2451
2451
2399
2333
2482
2453
2401
2464
2492
2514
2406
2384
2405
2458
2464
2466
2500
2602
2570
2602
2556
2646
2563
2604
2586
2580
2612
2593
2550
2554
2553
2580
2567
2570
2574
2514
2571
2551
2552
2542
2551
2521
2539
2562
2546
2572
2622
2617
2607
2610
2635
2600
2624
2670
2738
2689
2706
2703
2697
2685
2692
2722
2708
2632
2660
2707
2731
2743
2749
2767
2786
2843
2874
2930
2914
2975
2918
2941
2972
3047
3063
3049
3135
3150
3192
3138
3222
3268
3159
3110
3107
3004
2966
2880
2810
2746
2851
2800
2658
2747
2839
2712
2615
2620
2546
2497
2583
2389
2409
2485
2482
2363
2412
2486
2405
2336
2205
2092
1961
1991
1836
1788
1731
1768
1865
1819
1871
1861
1913
1986
1932
1687
1657
1723
1822
1848
1916
1768
1854
1939
2045
2125
2159
2360
2410
2404
2418
2653
2841
2720
2993
3136
3346
3344
3459
3627
3939
3998
4097
4370
4371
4344
3979
3846
3659
3491
3374
3170
3148
3190
3372
3373
3424
3518
3863
4028
4147
4161
4097
4068
4024
4036
4061
4075
4152
3842
3795
3765
3761
3862
3738
3706
3537
3578
3316
3103
2792
2664
2387
2655
2732
2923
3202
3831
3838
3381
2961
2499
2251
2382
2348
2291
2579
2673
2091
1965
1785
1789
1769
1672
1797
1788
1906
2053
2080
2176
2246
2290
2354
2446
2350
2201
2244
2339
2227
2271
2303
2458
2545
2660
2882
2981
3152
3390
3715
3804
3750
4135
4192
4184
4023
3962
4038
3963
4059
4039
4037
4042
3812
3600
3277
3037
3000
2848
3003
2789
2659
2906
3136
3119
2814
2902
3005
2985
2914
3018
2992
3013
3105
3483
3579
3750
4117
4229
4366
4337
3994
3745
3693
3583
3542
3628
3617
3830
3783
3771
3724
3569
3423
3223
3093
2956
2767
2632
2652
2698
2756
2836
2984
3075
3133
3182
3168
3143
3070
3214
2981
2833
2770
2627
2459
2365
2416
2449
2595
2530
2656
2742
3024
3259
3252
3301
3452
3333
3400
3330
3074
2819
2821
2610
2229
2174
2062
2127
2357
2034
2049
2074
2222
2214
2233
2183
2127
1969
1808
1867
1868
1798
1761
1934
1864
1856
1734
1663
1712
1790
1843
1867
1908
1899
1978
2022
2059
2146
2052
2108
2190
2238
2202
2163
2059
2055
2105
2108
2115
2064
2116
2005
2020
2120
2078
2027
2076
2084
2092
2172
2236
2235
2395
2395
2251
1983
1913
1997
2061
2181
2519
2630
2573
2625
3070
3495
3455
3519
3553
3630
3768
3256
2942
3026
3088
3359
3730
3567
3689
3543
3462
3589
3487
3386
3314
3642
3623
3357
2910
2830
2769
2823
2802
2955
3260
3638
3770
3735
3577
2955
2485
2302
2448
2539
2662
2494
1982
1841
1851
1844
1674
1495
1643
1809
1748
1590
1509
1448
1308
1371
1371
1309
1333
1322
1425
1422
1480
1413
1464
1553
1692
1735
1564
1518
1436
1478
1501
1500
1527
1609
1696
1561
1588
1594
1348
1408
1544
1711
1833
1991
2254
2515
2565
2692
2836
2756
2603
2784
3190
3353
3645
3583
3272
2909
2940
3000
3142
3048
3027
3196
3300
3275
3131
3217
3251
3352
3516
3669
3635
3686
3666
3704
3616
3853
3913
4040
3946
3805
3804
3917
3929
3908
3889
3925
3965
3983
3828
3807
3665
3593
3596
3492
3357
3323
3175
3262
3189
3397
3514
3519
3509
3661
3880
3973
4205
4557
4762
4984
4961
4995
5018
5149
5185
5188
5263
5660
6024
6169
6176
6480
6870
6831
7353
7745
7982
8232
8205
8445
9005
9426
9556
9176
9061
8691
7942
7374
6622
6953
6645
6828
5389
5420
4634
4586
4631
4580
4541
4282
3809
3619
3416
3197
3154
3063
2819
2737
2737
2731
2664
2596
2682
2607
2550
2488
2576
2456
2475
2702
2640
2724
2846
2512
2270
2156
2039
2195
2116
2134
2006
1880
1769
1720
1681
1745
1503
1510
1427
1300
1292
1427
1423
1458
1462
1547
1454
1403
1435
1610
1711
1796
1763
1529
1423
1272
1207
1264
1284
1296
1392
1482
1448
1350
1348
1440
1570
1814
1748
1677
1754
1901
2126
2187
2285
2485
2779
2943
3064
3625
4065
4302
4405
4352
4853
5374
5732
5630
5464
5978
5385
4145
3483
3448
3744
4245
4184
4036
3729
3837
4064
3606
3467
3276
3101
2916
2990
2974
3315
3788
3490
3012
2824
2870
2804
2942
3046
2880
2894
2742
2725
2967
3230
3281
3035
2914
2969
2939
3106
3237
3519
3734
4058
4390
4843
5065
5108
5181
5362
5431
5115
4712
4320
4249
4247
4038
3741
3593
3375
3217
2811
2733
2578
2403
2348
2136
2042
1991
1886
1812
1851
1746
1826
1825
1896
2241
2429
2559
3110
3531
3609
3690
3919
4115
3943
3598
3615
3835
4277
4156
3916
3734
3463
3345
3175
2984
2830
2676
2521
2319
2485
2589
2617
2957
3079
3163
3289
3190
3333
3165
2925
2554
2363
2098
1947
1737
1583
1500
1404
1419
1490
1487
1598
1604
1637
1528
1474
1548
1620
1646
1676
1599
1633
1583
1482
1444
1467
1513
1678
1823
1718
1642
1654
1634
1566
1645
1627
1593
1570
1564
1586
1782
1783
1425
1357
1235
1364
1600
1591
1531
1601
1674
1841
1821
1521
1487
1275
1299
1340
1344
1359
1307
1357
1427
1424
1407
1440
1439
1502
1541
1629
1738
1709
1643
1824
1947
1992
2216
2354
2335
2377
2292
2441
2405
2401
2532
2609
2748
2893
3085
3222
3363
3320
3165
3260
3176
3158
3176
3360
3433
3408
3478
3482
3453
3655
3668
3628
3554
3775
3751
3819
3635
3543
3385
3210
3240
3095
2860
2873
3007
2782
2733
3110
3314
3765
2847
2434
2474
2249
2253
2222
2236
2212
2329
2315
2553
2631
3123
3222
3310
3233
3447
3519
3502
3537
3250
2710
2529
2415
2446
2632
2773
2702
2599
2390
2480
2394
2127
2168
2180
2349
2559
2702
2912
3194
3401
3508
3597
3416
3038
2929
2991
2805
2725
2488
2654
3098
3400
3843
3699
3773
3758
3472
3672
3756
3581
3850
3804
3900
3667
3497
3649
3634
3478
3441
3197
2914
2728
2817
2836
2943
3011
3159
3276
3256
3336
3326
3358
3468
3419
3577
3550
3715
3622
3792
3853
3863
3988
3850
3962
3877
3927
3952
4114
4180
4138
4343
4626
4910
5080
4910
4785
4754
4795
4941
5068
5236
5346
5346
5304
5054
4974
5059
5204
5246
4509
4294
4171
3762
3416
3018
2912
2891
2696
2581
2535
2657
2803
2832
2797
2882
2908
2865
3468
3496
3582
3756
3689
3683
3523
3429
3347
3111
2973
2879
2784
2644
2562
2648
2555
2629
2708
2826
3102
3256
3357
3488
3395
3457
3066
3216
3156
3307
3250
3283
3296
3323
3356
3375
3341
3319
3197
3163
3238
3271
3348
3311
3080
2902
2559
2335
2245
2210
2323
2598
2849
2883
2883
2968
2840
2789
3002
3328
3774
3876
4085
4334
4608
4864
4689
4182
3865
3399
2632
2311
2356
2364
2306
2535
2852
2880
3220
3222
3161
2548
2466
2537
2542
2781
3185
4019
4520
4501
4472
4688
4818
5151
5586
5720
5861
6331
6397
6391
6357
6751
6495
5982
5602
5070
4926
4906
5137
4667
4081
4292
4140
3450
3028
2923
2895
2710
2742
2999
2903
2794
2729
2715
2723
2843
2892
2892
2851
2998
3033
2720
2595
2681
2825
2834
2544
2366
2181
2086
2036
2104
2019
1970
1950
1826
1703
1694
1583
1488
1394
1423
1346
1370
1275
1303
1407
1415
1468
1474
1463
1539
1538
1500
1528
1621
1613
1671
1673
1653
1628
1483
1393
1453
1457
1507
1393
1389
1375
1380
1362
1471
1542
1601
1658
1785
1941
1961
1998
1933
1611
1660
1696
1747
1671
1863
1946
1922
1945
2142
2230
2362
2478
2507
2555
2784
2755
2802
2989
3278
3443
3617
3669
3599
3550
3411
3140
2828
2634
2821
2785
3153
3525
3870
3824
3907
4051
4110
4024
4063
3989
4143
4117
3966
3920
3764
3618
3395
3435
3449
3353
3183
3203
3210
3189
3204
3328
3260
3221
3143
3051
3201
3223
3180
3077
2924
2893
2995
3026
3126
3187
3422
3327
3139
3041
2856
2701
2661
2707
2617
2546
2354
2255
2222
2136
2056
2116
2181
2192
2173
2007
1802
1823
1831
1840
1711
1650
1660
1726
1803
1851
1984
2075
2139
2217
2328
2475
2731
2833
2993
3090
3112
3246
3248
3338
3326
3276
3265
3291
3369
3287
3357
3341
3313
3295
3330
3332
3297
3374
3305
3345
3322
3366
3401
3370
3351
3319
3339
3317
3274
3296
3290
3284
3215
3236
3257
3247
3260
3215
3264
3291
3320
3310
3333
3231
3242
3287
3277
3331
3309
3296
3292
3274
3316
3294
3273
3312
3313
3310
3304
3302
3328
3355
3281
3266
3272
3302
3316
3329
3286
3304
3265
3272
3292
3328
3307
3273
3255
3289
3322
3370
3255
3315
3311
3283
3277
3326
3306
3257
3297
3331
3358
3281
3317
3307
3263
3227
3287
3227
3295
3271
3263
3300
3300
3278
3317
3246
3276
3225
3274
3278
3272
3318
3335
3277
3309
3312
3282
3301
3247
3259
3281
3291
3261
3253
3218
3254
3265
3364
3291
3302
3252
3235
3271
3290
3303
3322
3271
3283
3269
3297
3335
3283
3279
3283
3296
3320
3300
3334
3309
3292
3282
3270
3272
3367
3321
3275
3319
3291
3332
3321
3309
3321
3318
3282
3323
3297
3331
3291
3344
3300
3315
3329
3339
3335
3271
3243
3287
3378
3270
3301
3273
3312
3274
3304
3281
3275
3252
3217
3274
3305
3293
3280
3240
3243
3291
3274
3301
3271
3284
3220
3280
3294
3312
3329
3281
3338
3331
3300
3257
3306
3274
3173
3211
3209
3144
3186
3196
3120
3137
3160
3119
3141
3151
3191
3137
3145
3096
3080
3114
3119
3114
3084
3119
3084
3158
3122
3046
3041
2994
3009
3025
2977
2920
2994
2911
2944
2921
2969
2956
2861
2893
2876
2903
2858
2900
2844
2847
2885
2866
2916
2893
2849
2848
2889
2877
2916
2866
2849
2888
2862
2876
2872
2810
2847
2832
2854
2815
2812
2834
2866
2847
2807
2829
2847
2797
2836
2837
2827
2828
2805
2800
2764
2836
2817
2821
2770
2795
2880
2836
2830
2888
2963
2991
2955
2900
2984
3043
3052
2961
2921
2902
2774
2592
2518
2435
2389
2354
2266
2258
2125
2019
1937
1935
1978
1977
1933
2026
2182
2158
2315
2339
2481
2613
2730
2932
3090
3351
3533
3364
3292
3715
3543
3328
2873
2525
2528
2487
2578
2605
2640
2834
2896
2758
2574
2361
2176
1998
1918
1733
1604
1429
1293
1207
1185
1264
1292
1421
1516
1600
1722
1720
1905
1961
1900
1947
2026
2079
2156
2150
2152
2171
2128
1984
1776
1682
1710
1685
1757
1697
1676
1660
1745
1618
1630
1530
1646
1789
1670
1634
2011
2021
2235
2457
2726
2761
2466
2125
2120
2099
2084
1962
1941
2031
2057
2046
2130
2261
2256
2382
2244
2286
2299
2368
2278
2143
1983
1834
1583
1286
1208
1173
1087
1020
1117
1065
1135
1117
1087
1132
1149
1153
1155
1269
1285
1317
1388
1462
1522
1503
1481
1456
1469
1506
1643
1732
1768
1889
1886
1838
1972
2039
2079
2171
2285
2274
2447
2771
3082
3396
3703
3845
3879
3533
3241
2830
2662
2579
2424
2362
2153
2192
2211
2187
2112
2313
2462
2415
2606
2857
2997
3149
3200
3260
3234
3347
3399
3563
3848
3856
3903
3791
3677
3443
3221
2990
2725
2472
2435
2403
2382
2486
2502
2465
2435
2416
2207
2182
2332
2196
2409
2487
2571
2518
2631
2634
2630
2923
3186
3558
3163
3243
3435
3539
3484
3566
3541
3485
3411
3370
3306
3220
3322
3333
3304
3252
3180
3085
2877
2747
2832
2883
2910
2897
2969
3184
3068
3128
3282
3478
3496
3657
3634
3440
2991
2853
2760
2621
2493
2349
2279
2221
2129
2250
2452
2640
2885
3127
3371
3482
3641
3713
3831
3996
4123
4234
4377
4225
4244
4205
3786
3598
3379
3255
3518
3579
3983
4347
4407
4180
3991
3869
3979
4303
4620
4736
4585
4543
4312
4290
4651
4508
4589
4710
5155
5608
5321
5341
5172
5158
5212
5568
5849
5863
5830
5614
5722
5418
5097
4854
5133
5072
4777
4412
3292
2643
2052
1626
1509
1806
2701
3839
4535
4354
4127
3981
4099
4295
4605
4688
4576
5032
4900
4547
4208
4072
4297
4287
4292
4293
3962
3735
3508
3827
4000
3673
3955
3432
3394
3396
3898
4242
4329
4082
3271
2969
3269
3640
3476
4142
4129
4320
4427
4232
4249
4384
4429
4507
4702
4853
5203
5120
4978
4663
4903
5487
5282
4690
4038
3609
3194
2997
3101
2909
3019
3313
3621
3956
4100
3851
3620
3500
3150
3422
3649
3490
3355
3163
2940
3081
3643
3732
3746
3455
3534
2738
2063
1716
1626
1805
1792
1783
2204
2703
3180
3691
3540
3606
3320
3036
2806
2845
2494
2203
2355
2565
2585
2778
2640
2896
3278
3494
3702
3594
3665
3899
3427
3134
3054
3366
3675
3727
4119
3927
4109
4276
4071
3859
3387
3007
2983
3114
3364
3600
3575
3685
3769
4041
4289
4841
4819
5867
5932
6490
6453
6665
6286
5291
4347
3972
4008
4146
4241
4129
4179
4035
3880
3531
3565
3524
3544
3455
3079
2932
2764
2751
2737
3016
3032
3043
2912
2939
2878
2944
2770
2702
2574
2469
2451
2449
2451
2246
2099
1960
1993
1883
1919
1894
1933
1968
1910
2075
2247
2574
2548
2518
2710
2945
2927
2930
2814
2587
2600
2476
2356
2239
2223
2159
2175
2232
2326
2363
2247
2271
2312
2381
2345
2389
2411
2412
2440
2570
2614
2626
2644
2808
2899
2826
3050
3147
3229
3229
3204
3235
3311
3377
3387
3542
3544
3646
3592
3440
3296
2943
2587
2375
2608
2589
2385
2006
1793
1713
1665
1582
1632
1616
1594
1631
1663
1422
1431
1433
1430
1497
1417
1436
1297
1228
1243
1345
1210
1172
1134
1061
1130
1158
1156
1192
1309
1218
1238
1136
1070
1134
1139
1175
1127
1158
1125
976
1006
969
951
1003
1059
1095
1107
1046
1134
1213
1315
1343
1451
1459
1215
1099
1113
1175
1141
1140
1037
1051
1090
1101
1171
1128
1208
1236
1151
1138
1151
1090
1024
1000
1016
1061
1046
1009
1039
973
962
1009
1011
1051
1014
1030
1021
1076
989
1030
1087
1124
1215
1149
1232
1414
1508
1603
1631
1615
1550
1403
1217
991
917
956
991
1051
1025
1163
1211
1293
1286
1456
1596
1830
2019
1991
1950
2049
2066
2056
2185
2362
2201
1999
2082
2177
2035
1879
1809
1946
2054
1800
2029
1997
2168
2190
2011
2001
1722
1748
1632
1563
1600
1506
1307
1220
1282
1195
1331
1288
1274
1139
1022
1028
940
1042
1067
1024
1094
1097
1203
1246
1313
1318
1410
1468
1498
1716
1755
1847
1989
2165
2151
2152
2124
2221
2166
2138
2151
2095
2153
2066
2066
2036
2060
2024
1955
1978
1977
2015
1940
1866
1837
1857
1785
1766
1684
1524
1512
1491
1448
1384
1411
1410
1461
1347
1339
1307
1256
1377
1374
1393
1266
1248
1106
1052
1054
1075
1093
1174
1138
1238
1120
1095
1068
1082
1075
1111
1162
1192
1203
1316
1386
1519
1477
1438
1545
1473
1465
1362
1510
1366
1272
1208
1309
1358
1326
1320
1422
1486
1531
1468
1421
1529
1699
2061
2350
2675
2836
2993
2692
2453
2224
1984
1830
1716
1455
1239
1344
1461
1335
1317
1393
1517
1606
1704
1596
1305
1199
1253
1257
1354
1592
1780
1975
2056
2025
1888
1895
1694
1577
1596
1556
1716
1656
1482
1328
1454
1354
1231
1318
1306
1447
1533
1871
1797
1635
1428
1451
1473
1573
1522
1597
1630
1505
1296
1263
1267
1218
1165
1224
1214
1351
1368
1381
1204
1145
1107
1085
950
949
1042
1123
1122
1182
1228
1093
1219
1288
1467
1546
1530
1416
1416
1295
1265
1232
1165
1252
1198
1060
1022
1054
1096
1154
1292
1288
1252
1235
1266
1296
1236
1336
1520
1351
1338
1333
1411
1568
1491
1631
1633
1697
1773
1828
2056
2028
2103
2028
1906
1916
1844
1436
1278
1357
1359
1353
1426
1400
1417
1388
1464
1688
1758
1641
1500
1415
1395
1476
1520
1432
1372
1362
1351
1386
1357
1403
1367
1533
1611
1651
1581
1454
1282
1234
1308
1397
1480
1482
1528
1493
1546
1574
1614
1825
2081
2184
2021
2133
2154
2192
2094
2022
1810
1638
1535
1448
1414
1310
1316
1425
1372
1360
1479
1684
1830
2057
2239
2395
2467
2408
2354
2227
2170
2137
2151
2094
2016
2055
2025
1906
1990
2054
2005
1971
1989
2021
2078
1986
2015
2026
2046
2072
2037
2110
2205
2202
2103
2222
2212
2238
2327
2276
2163
2100
2062
2108
2165
2294
2439
2552
2720
2939
2924
2872
3235
3356
3475
3083
3155
2897
2343
1980
1870
1790
1454
1382
1448
1480
1610
1696
1793
1718
1508
1293
1216
1239
1322
1416
1531
1682
1875
2054
2253
2595
2846
2712
2612
2478
2458
2117
2064
2186
2157
2005
1826
1737
1646
1495
1450
1414
1464
1480
1624
1864
1963
2097
2052
2005
2068
1964
1925
1906
1892
1909
1950
1967
1967
1933
1936
1914
1818
1899
1792
1709
1756
1664
1653
1545
1580
1578
1685
1713
1625
1824
1778
1777
2084
2265
2441
2619
2736
2838
2912
3102
3201
2959
3115
3261
3594
3624
3327
3162
3342
3110
2959
2929
3105
3375
3678
3791
3391
3274
3200
3147
3338
3277
3111
2960
2908
3047
3118
3058
2907
2876
2860
2841
2584
2402
2271
2170
2095
1943
1954
2007
2076
2235
2088
1988
1995
1884
1849
1908
2106
2036
1895
1790
1762
1895
2141
2227
2353
2351
2325
2546
2945
3107
3058
3776
4171
4774
5002
4337
3595
3469
3446
3251
3369
3177
2842
2438
2327
1976
1858
1916
1930
2087
2078
2232
2550
2122
2201
1682
1627
1715
1770
1779
1866
1786
1555
1529
1334
1375
1482
1649
1796
1872
1824
2001
2046
2325
2362
2474
2633
2651
2509
2513
2281
2247
2043
1942
2005
1859
1853
1984
2107
2136
2295
2642
2780
2692
2536
2628
2512
2576
2568
2705
2843
3036
3297
3554
3883
4041
4383
4640
4708
4814
4753
4644
4613
4738
4447
4441
4280
4056
3794
3582
3474
3442
3306
3104
3110
3113
3146
3193
3329
3356
3334
3209
3289
3196
3184
3097
3085
3155
3071
2943
2569
2532
2687
2915
3043
2918
2696
2604
2796
2847
2912
2694
2603
2543
2567
2577
2675
2809
3033
3085
3113
3113
3133
3269
3328
3425
3313
3268
3248
3456
3355
3310
3260
3481
3652
3708
3918
3962
3923
3960
3999
4001
4189
4210
4323
4401
4515
4559
4664
4655
4832
4794
4641
4766
4821
4702
4734
4836
4799
4802
4788
4755
4597
4831
4805
4847
4774
4817
4792
4892
4855
4916
4895
5019
5075
5276
5477
5565
5521
5466
5380
5241
5070
4822
4696
4383
4249
4168
3768
3579
3490
3491
3582
3608
3673
3567
3356
3350
3281
3252
3170
3096
3163
3046
3181
3119
3311
3564
3655
3794
3617
3842
4062
4210
4199
4094
4174
4170
4274
4432
4549
4421
4266
4119
4084
3941
3803
3777
3670
3589
3623
3580
3522
3663
3782
3674
3657
3664
3600
3553
3485
3435
3337
3297
3369
3585
3565
3626
3684
3532
3568
3604
3659
3685
3795
3775
3819
3830
3929
3837
3999
3845
3836
3786
3832
3782
3781
3701
3665
3748
3555
3484
3291
3298
3298
3502
3727
3746
3848
3732
3636
3711
3442
3231
3187
3049
3116
3181
3322
3352
3279
3382
3359
3370
3419
3526
3548
3623
3843
3760
3633
3543
3543
3444
3274
3221
3116
2929
2776
2684
2783
2938
2770
2811
2741
2848
2796
2884
3136
3211
3329
3419
3706
3777
3968
3775
3658
3376
3211
2924
2707
2533
2719
2762
2734
2778
3054
3204
3488
3555
3710
3919
3921
3952
3943
3967
4036
4029
4098
3886
3783
3923
3903
3866
3961
3969
4176
4200
3994
3915
4036
3987
4142
4245
4210
4243
4122
4264
4335
4294
4171
4056
4350
4408
4201
4248
4279
4337
4356
4350
4517
4600
4661
4571
4361
4465
4202
4345
3818
3463
3191
2908
2859
2892
2866
3089
2965
2925
2889
3030
3055
3144
3130
3089
2971
2838
2717
2823
2925
2967
2871
2886
2830
2780
2782
2610
2497
2655
2711
3060
2844
3095
3058
2864
2750
2544
2537
2672
2671
2893
2959
3157
3406
3462
3639
3797
3929
4188
4199
4224
4245
4318
4582
4602
4375
4074
3888
3975
3755
3744
3768
3988
4194
4314
4295
4200
4138
4021
3973
4059
4101
4094
4036
4089
3859
3546
3608
3516
3371
3277
3407
3521
3722
3904
3999
4171
4516
4434
4306
4138
3957
3883
3941
4048
4052
4143
4007
4315
4189
4037
4050
4070
3970
4077
3845
3738
3752
3713
3838
3685
3599
3525
3368
3397
3463
3583
3630
3676
3935
4002
4037
3974
4120
3978
3691
3679
3758
3906
4259
4609
4882
4708
4708
4532
4326
4255
4257
4038
3963
4063
3974
4019
3917
3712
3470
3351
3332
3215
3148
3146
3023
2731
2901
2969
2873
2831
2816
2827
2745
2489
2358
2318
2321
2259
2251
2130
2202
1965
2076
1852
1966
2058
2263
2548
2323
2222
2237
2146
2045
2020
2025
2162
2224
2491
2680
2761
2976
2987
3041
3137
2972
3038
2814
2680
2791
2695
2728
2717
2786
2897
3015
3019
3053
3083
3022
3021
3017
3125
3188
3116
3084
3014
3096
3068
3081
3010
2956
2734
2533
2208
1594
1421
1461
1578
1636
1676
1752
1883
1990
2072
2316
2443
2641
2747
2758
2746
2761
2796
2884
3048
3164
3178
3208
3191
3061
3011
3009
3094
2947
3065
2978
3096
3160
3185
3273
3306
3258
3232
3198
3458
3700
3921
4025
4067
4166
4187
3980
4040
3943
3983
4037
4218
4268
4154
4138
4067
3912
3763
3558
3348
3096
2961
2805
2616
2682
2648
2713
2692
2877
2737
2857
2834
2912
2729
2690
2631
2476
2281
2214
1957
1896
1888
1835
1914
1855
1820
1860
1909
1831
1914
1682
1708
1642
1649
1659
1744
1609
1650
1621
1597
1558
1423
1494
1481
1573
1676
1703
1828
1961
1980
1995
2043
2044
2001
2047
2046
2007
1980
1913
1759
1622
1651
1650
1638
1664
1781
1868
1918
2019
2252
2419
2423
2382
2429
2500
2570
2507
2643
2848
2891
2767
2930
3026
3396
3372
3445
3449
3484
3698
3805
3998
3906
4019
4167
4171
3924
3767
3585
3369
3172
3027
3124
3351
3309
3286
3315
3443
3627
3843
3909
3952
4047
4043
4131
4011
4150
4198
4037
3745
3740
3794
3807
3775
3635
3634
3574
3345
3104
2813
2608
2648
2718
3005
3267
3917
3600
3370
2798
2268
2301
2411
2209
2291
2730
2126
1935
1768
1681
1820
1833
1837
1876
1969
1959
2166
1972
2445
2399
2446
2279
2153
2249
2247
2162
2275
2375
2500
2758
2872
3016
3458
3284
3858
3855
4275
3935
3885
3985
3944
4038
3964
3931
3682
3304
3132
3251
2905
2947
2636
3076
3195
2731
2796
2850
2872
2911
2957
2912
3023
3259
3370
3618
3783
4067
4236
3906
3719
3527
3367
3328
3506
3514
3690
3604
3651
3514
3255
3198
2913
2831
2784
2618
2690
2716
2768
2847
2879
3152
3215
3216
3104
3176
3188
3064
2842
2739
2601
2443
2389
2460
2609
2486
2569
2738
2950
3136
3171
3111
3182
3203
3000
2967
2699
2828
2518
2211
2180
2042
2077
2252
1879
2112
2093
2122
2084
2217
2162
2090
2011
1856
1978
1912
1881
1807
1932
1783
1717
1610
1591
1622
1689
1704
1686
1759
1725
1853
1878
1983
2021
2013
2109
2140
2238
2225
2202
2299
2325
2297
2402
2556
2577
2593
2543
2510
2505
2395
2350
2186
2209
2173
2087
2000
1858
1817
1913
1951
2059
2116
2085
1968
1982
2033
2058
2051
2074
2076
2099
2150
2263
2460
2611
2661
2640
2637
2464
2483
2607
2492
2532
2530
2475
2592
2817
2762
2772
2733
2647
2586
2425
2265
2254
2309
2248
2343
2325
2257
2324
2497
2513
2679
2598
2492
2425
2465
2685
2834
2682
2369
2282
2272
2347
2420
2505
2533
2502
2460
2332
2158
2033
1981
2041
2083
1988
1990
1984
1897
1986
1825
1543
1346
1294
1201
1146
1166
1072
1078
1061
1023
966
957
913
914
944
924
907
954
933
970
1005
976
976
1027
1029
1055
1042
1056
1076
1124
1123
1164
1184
1166
1207
1256
1274
1309
1275
1321
1343
1334
1400
1391
1438
1477
1484
1591
1574
1501
1532
1605
1595
1566
1487
1466
1515
1411
1390
1510
1644
1796
2017
2305
2694
3036
3309
3593
3968
4240
4693
4849
4553
4346
4125
3810
3300
2933
2609
2375
2047
1930
1842
1740
1772
1853
1831
1902
1868
2018
1983
2103
2130
2226
2465
2977
3635
3933
4281
4350
4461
4553
4537
4286
3975
4008
4007
3856
3899
3896
3934
3712
3511
3324
3068
2732
2421
2372
2270
2188
2091
2008
2029
2035
2241
2443
2596
2734
2794
2970
2965
2648
2176
2157
2283
2303
2125
2202
2205
2157
2020
1887
1773
1562
1452
1287
1171
1179
1113
1200
1230
1285
1364
1403
1432
1572
1562
1645
1662
1755
1829
1718
1540
1440
1514
1814
2099
2120
2243
2141
2393
2315
2363
2613
2619
2448
2523
2680
2847
3003
3044
2966
2893
2968
3003
2922
2865
2853
2959
2927
2940
2880
2815
2924
3053
2917
3081
2968
2923
3061
2885
2712
2771
2911
3001
2864
2807
2901
3135
3281
3233
3169
2891
2786
2670
2796
2997
2720
2636
2566
2469
2503
2407
2310
2158
2091
2210
2309
2277
2319
2373
2362
2270
2178
2162
2195
2267
2420
2440
2247
2103
2163
2256
2205
2109
1968
1634
1421
1262
1269
1339
1343
1302
1174
1259
1344
1506
1547
1544
1707
1819
1916
1907
2005
1836
1701
1546
1582
1635
1771
1752
1500
1457
1276
1231
1164
1137
1245
1246
1256
1306
1380
1467
1471
1400
1391
1360
1237
1167
1175
1097
1147
1157
1207
1190
1211
1177
1130
1133
1154
1137
1186
1274
1338
1236
1270
1387
1287
1252
1243
1237
1200
1214
1255
1367
1399
1388
1369
1455
1476
1413
1405
1381
1452
1440
1419
1341
1258
1253
1335
1436
1503
1538
1480
1447
1485
1620
1550
1661
1738
1925
1828
1720
1658
1742
1835
1827
1675
1504
1488
1370
1318
1361
1377
1379
1479
1544
1673
1757
1726
1691
1667
1662
1594
1553
1548
1652
1633
1539
1497
1540
1627
1421
1486
1499
1461
1560
1583
1513
1420
1336
1417
1417
1403
1365
1348
1375
1436
1465
1526
1459
1431
1414
1424
1346
1309
1390
1483
1541
1504
1440
1475
1439
1359
1291
1411
1350
1379
1309
1377
1391
1397
1396
1322
1351
1360
1411
1413
1466
1471
1442
1403
1504
1479
1369
1390
1404
1435
1387
1410
1372
1417
1480
1540
1571
1677
1593
1624
1770
1866
2018
2139
2183
2283
2351
2563
2632
2686
2757
2703
2913
2882
2969
3049
3247
3225
3240
3229
3321
3229
3287
3218
3142
3040
2983
2982
3015
3022
2965
2994
2941
2812
2896
2879
2737
2713
2631
2502
2357
2251
2170
2094
2065
2154
2165
2269
2408
2432
2617
2824
3069
3179
3359
3510
3757
3836
3686
3878
4160
4087
4378
4319
4320
4210
4173
4071
3873
4274
4195
4435
4464
4438
4644
4560
4388
4231
4194
4083
4079
3996
3833
3670
3574
3137
3211
3154
3269
3266
3145
2901
2799
2797
3102
3171
3272
3193
3177
3115
3020
2885
2882
2989
3159
3269
3281
3981
3891
3895
3929
4173
4443
4797
5116
5254
4741
4581
4690
4559
4285
4270
4405
4515
4516
4519
4679
4635
4542
4532
4704
5136
5134
4881
4508
4101
3801
3675
3672
3782
3735
3871
3620
3841
3961
3908
4160
4218
4420
4643
4791
4843
4679
4437
4300
4063
4196
3653
4053
3765
3099
3513
3351
3235
3247
3389
3551
3691
3696
3575
3388
3436
3418
3427
3176
3124
3157
2982
2786
2680
2606
2294
2142
2058
2187
2262
2129
2045
1852
1996
2098
2305
2545
2504
2448
2384
2273
2240
2361
2595
2797
2828
2852
2797
2667
2689
2802
2799
2789
3145
3174
3732
4014
4016
4133
4338
4634
5130
5531
5653
5851
6029
6074
5913
5847
6038
6145
6373
6534
6386
6331
6247
5896
5686
5649
5495
5312
5048
4841
4519
4279
3880
3690
3797
3889
3810
3742
3830
3724
3295
3185
3192
3176
3316
3507
3634
3667
3817
3760
3571
3434
3263
3200
3034
3003
3088
3138
3041
2951
2787
2740
2635
2860
3139
3262
3355
3529
3221
3493
3618
3738
3722
3615
3494
3499
3598
3990
4199
4645
4683
4742
4847
4789
4354
3734
3804
3896
4263
4001
3470
3129
3354
3518
3626
3673
3823
3813
3746
3544
2913
2973
2991
3062
2929
2838
2835
2774
2799
2819
2918
2937
2965
2994
2950
2920
2986
3072
2890
2906
2963
2859
2833
2726
2709
2626
2644
2583
2477
2407
2507
2510
2503
2582
2540
2605
2636
2642
2650
2547
2501
2462
2475
2368
2484
2529
2371
2115
2020
2065
1928
1600
1464
1481
1404
1244
1246
1190
1203
1286
1345
1297
1318
1245
1280
1370
1352
1339
1388
1405
1546
1570
1728
1486
1345
1332
1575
1721
1480
1296
1457
1827
2058
2036
2105
1981
1745
1698
1806
1920
2221
1983
2112
2401
2778
3293
3882
4196
4340
4359
4407
3926
3460
2951
2717
2488
2437
2525
2592
2536
2589
2339
2210
2313
2347
2413
2331
2388
2552
2745
2855
3104
3199
3218
2992
2848
2527
2614
2480
2451
1822
1795
1775
1831
1699
1753
1979
1995
2087
2138
2410
2680
3011
3287
4151
5473
5729
5150
5091
4725
4721
4659
4643
4617
4589
4108
3974
3940
4078
4617
5198
5345
5697
5640
5638
5678
5731
5716
5596
5438
5579
5810
5593
5335
5238
5214
5264
4914
4048
3848
3938
3929
3964
3863
3867
3667
3492
3354
3140
2696
2247
1913
1767
1696
1534
1381
1399
1384
1291
1300
1279
1188
1226
1183
1168
1182
1211
1270
1264
1329
1386
1431
1430
1470
1558
1603
1669
1728
1800
1797
1843
1924
2038
2033
2138
2147
2079
2107
2086
2022
2032
2082
2049
2046
2035
1955
1901
1871
1818
1812
1776
1740
1685
1764
1803
1794
1792
1757
1849
1790
1747
1767
1845
1810
1790
1736
1741
1700
1699
1701
1756
1706
1670
1745
1696
1683
1625
1672
1690
1708
1694
1644
1625
1669
1671
1686
1727
1688
1674
1653
1681
1686
1676
1718
1625
1685
1675
1682
1719
1699
1725
1672
1675
1668
1668
1666
1687
1661
1725
1705
1675
1674
1719
1686
1651
1579
1623
1633
1683
1716
1763
1766
1783
1842
1820
1794
1877
1939
1857
1921
1906
1941
1985
1926
1968
1981
1978
1970
1987
1978
1996
2007
1981
1997
1943
1981
1940
1974
1895
1870
1889
1891
1859
1827
1864
1828
1848
1842
1842
1872
1791
1766
1743
1845
1789
1857
1848
1749
1828
1965
2046
2068
2118
2144
2205
2291
2419
2515
2584
2735
2781
2769
2825
2746
2795
2731
2715
2729
2685
2773
2699
2750
2724
2761
2720
2663
2752
2765
2784
2735
2745
2679
2732
2747
2778
2780
2710
2722
2737
2707
2724
2767
2751
2709
2733
2723
2726
2773
2726
2765
2767
2679
2737
2726
2729
2700
2750
2750
2638
2757
2782
2792
2815
2749
2704
2718
2734
2801
2746
2742
2756
2778
2708
2775
2787
2764
2801
2729
2722
2770
2722
2763
2744
2779
2814
2726
2804
2773
2701
2779
2750
2750
2760
2748
2707
2714
2755
2744
2758
2731
2729
2738
2730
2781
2748
2783
2766
2719
2742
2799
2804
2731
2739
2785
2765
2765
2757
2744
2735
2759
2751
2755
2747
2787
2801
2753
2783
2760
2749
2746
2750
2702
2766
2767
2706
2766
2753
2760
2727
2783
2770
2798
2772
2805
2762
2745
2777
2737
2771
2763
2739
2820
2790
2737
2773
2787
2802
2721
2733
2774
2748
2768
2783
2812
2805
2799
2813
2686
2811
2789
2779
2759
2814
2749
2795
2812
2778
2813
2812
2801
2840
2820
2807
2835
2770
2830
2801
2769
2803
2756
2748
2814
2829
2795
2793
2788
2811
2780
2777
2818
2797
2836
2764
2782
2779
2782
2850
2774
2737
2824
2736
2826
2737
2773
2864
2826
2793
2796
2768
2788
2766
2769
2814
2804
2857
2816
2771
2810
2811
2795
2832
2788
2783
2822
2780
2851
2827
2797
2825
2742
2836
2818
2787
2801
2794
2834
2834
2808
2804
2770
2822
2818
2799
2852
2832
2804
2840
2686
2764
2875
2845
2806
2756
2800
2845
2816
2819
2796
2810
2789
2822
2756
2801
2757
2832
2812
2785
2792
2769
2848
2799
2782
2801
2786
2801
2841
2824
2834
2850
2867
2912
2872
2885
2892
2901
2873
2892
2893
2872
2834
2727
2783
2732
2772
2725
2723
2738
2662
2586
2596
2498
2426
2418
2377
2286
2245
2241
2054
1913
1667
1822
1920
1941
2008
1946
1917
1919
1890
1833
1753
1618
1704
1751
1717
1727
1737
1823
1844
1733
1656
1639
1736
1824
1980
2023
2054
2168
2345
2461
2445
2430
2360
2344
2278
1861
1595
1539
1556
1692
1778
1802
1858
1789
1820
1695
1670
1766
1730
1677
1639
1651
1628
1591
1598
1536
1560
1604
1634
1638
1649
1807
1648
1542
1635
1816
1915
1835
2053
2102
2132
2177
2129
2166
2043
1853
1955
1960
1884
1717
1736
1615
1587
1595
1530
1499
1527
1429
1386
1481
1530
1454
1534
1753
1773
1805
1784
1903
1861
1958
1839
2020
2184
2221
1899
1849
2146
2545
2939
3237
3267
3471
3714
4085
4400
4037
3162
2857
2732
2719
2679
2396
2351
2320
2307
2271
2082
2126
2196
2243
2522
2608
2774
2735
3010
3145
3208
3179
3087
3212
3193
3211
3253
3147
3366
3488
3499
3527
3602
3414
3013
2702
2912
3034
2922
2841
2759
2741
2552
2624
2657
2643
2595
2685
2574
2631
2562
2477
2471
2520
2565
2360
2241
2355
2307
2303
2161
2115
2073
1957
2122
2292
2315
2483
2638
2836
2914
3302
3237
3218
3321
3434
3621
3735
3368
3173
3008
2875
3032
2965
2804
2780
2721
2621
2497
2490
2680
2696
2755
2713
2817
2893
2980
3074
3132
3129
3072
3266
3368
3389
3477
3310
2987
2905
2849
2707
2684
2454
2418
2219
2117
2027
2204
2363
2510
2591
3015
3078
3158
3130
3005
2965
2921
2721
2863
3235
3259
3450
3482
3730
3458
3585
3732
3612
3483
3328
3265
3274
3380
3510
3601
3501
3607
3643
3611
3653
3691
3797
3858
3926
4105
3968
4014
4165
4297
4490
4611
4616
4601
4682
4626
4689
4677
4715
4786
4653
4597
4609
4536
4458
4360
4316
4444
4545
4666
4557
4536
4669
4628
4738
4750
4802
4875
4801
5070
5014
5274
5264
5294
5477
5448
5420
5397
5191
4881
4685
4386
4190
4066
3673
3574
3416
3570
3525
3572
3463
3351
3353
3385
3243
3092
2993
3159
3041
3113
3294
3497
3571
3797
3739
3873
4015
4042
4037
4017
4031
4034
4130
4265
4317
4418
4203
4196
4069
3931
3675
3616
3460
3564
3559
3583
3778
3691
3648
3665
3560
3560
3517
3414
3161
3157
3191
3304
3409
3587
3406
3553
3632
3670
3642
3702
3809
3857
3854
3890
3882
3975
3864
3857
3767
3831
3871
3808
3773
3821
3827
3684
3611
3443
3357
3324
3475
3678
3889
3884
3970
3760
3805
3630
3353
3362
3346
3137
3197
3243
3400
3333
3376
3405
3442
3418
3390
3501
3662
3745
3779
3946
3811
3780
3793
3781
3594
3461
3336
3227
3116
3065
2989
2895
2926
3131
3001
2910
3091
2955
3018
3302
3521
3543
3532
3698
3845
4116
4117
4147
3792
3658
3486
3246
2982
2719
2729
2672
2832
2930
2921
2921
3233
3352
3591
3669
3737
3812
3971
3975
4023
4038
4054
3919
4022
4071
3991
3938
3743
3661
3718
3588
3503
3690
3755
3962
4128
4174
4223
4243
4196
4329
4243
4261
4184
4197
4288
4338
4344
4269
4390
4320
4244
4253
4467
4535
4439
4236
4173
4380
4413
4385
4380
4409
4486
4476
4502
4464
4544
4427
4496
4604
4775
4749
4774
4763
4619
4686
4541
4467
4470
4289
4096
3904
3786
3642
3549
3386
3215
3085
3103
2949
2909
2889
2856
2783
2684
2644
2437
2330
2197
2041
2099
2112
2136
2214
2171
2290
2415
2471
2375
2236
2262
2310
2373
2352
2504
2491
2480
2631
2667
2613
2599
2684
2580
2653
2539
2429
2174
2234
2210
2106
2207
2180
2162
2175
2199
2194
2241
2315
2507
2701
2984
3167
3169
3029
2876
2681
2399
2089
1799
1737
1759
1740
1724
1713
1606
1648
1611
1609
1777
1795
1800
1839
1675
1506
1532
1540
1571
1466
1445
1419
1746
1960
2073
2204
1875
1688
1736
1755
1825
2006
1967
2132
2643
2840
2740
2386
1842
1394
1386
1445
1564
1427
1505
1538
1551
1605
1650
1664
1727
1921
1933
1924
1841
1886
2006
2656
2893
2894
2756
2088
1505
1401
1444
1519
1598
1593
1670
1644
1585
1491
1374
1276
1326
1424
1448
1487
1497
1518
1603
1643
1589
1572
1544
1566
1555
1532
1615
1746
1945
1945
1712
1647
1644
1662
1697
1736
1630
1615
1691
1720
1756
1760
1880
1959
1995
2130
2109
2142
2119
2123
2133
2185
2055
2197
2231
2289
2405
2549
2699
2758
2869
2654
2310
2004
1880
1776
1721
1643
1566
1525
1447
1427
1332
1390
1320
1299
1321
1275
1166
1285
1378
1395
1409
1370
1402
1462
1514
1677
1626
1614
1692
1730
1766
1755
1797
1682
1541
1480
1417
1420
1421
1424
1432
1441
1459
1313
1279
1363
1386
1452
1427
1515
1418
1281
1265
1256
1353
1310
1328
1378
1375
1472
1513
1438
1503
1419
1406
1419
1509
1493
1550
1604
1804
1735
1699
1708
1687
1804
1858
1918
1871
1982
2182
2493
2796
2417
2239
2286
2052
1917
2256
2563
2232
1878
1870
1988
2071
1590
1482
1346
1157
1124
1147
1178
1238
1225
1188
1163
1094
1129
1274
1278
1412
1462
1439
1341
1339
1269
1334
1306
1153
1124
1222
1262
1230
1353
1391
1314
1292
1425
1441
1436
1466
1551
1610
1661
1717
1767
1644
1716
1772
1982
2218
2677
3168
2737
2916
2633
2447
2677
2352
2521
2245
2229
2299
2140
2029
2099
2311
2381
2467
2532
2602
2562
2379
2289
2185
2042
2125
1898
1869
1879
1999
1881
1889
1938
1881
1756
1718
1789
1706
1693
1719
1697
1608
1525
1555
1640
1516
1400
1324
1241
1292
1327
1400
1517
1512
1527
1559
1623
1660
1728
1909
1937
2038
1888
1755
1734
1728
1757
1959
1933
1857
1795
1789
1869
1940
1963
1959
2044
1959
1886
1743
1669
1617
1571
1550
1555
1600
1550
1564
1508
1517
1469
1474
1440
1420
1375
1423
1388
1519
1549
1581
1629
1614
1563
1561
1521
1399
1312
1258
1298
1314
1317
1344
1350
1366
1412
1442
1492
1541
1549
1578
1543
1511
1468
1459
1529
1432
1411
1378
1263
1257
1315
1375
1417
1384
1300
1314
1330
1267
1299
1396
1484
1610
1611
1538
1396
1329
1291
1214
1296
1314
1157
1230
1340
1404
1412
1537
1603
1622
1762
1873
1995
2050
1851
1739
1569
1399
1277
1268
1286
1248
1227
1332
1392
1452
1564
1595
1585
1555
1611
1590
1634
1619
1788
1880
1875
1689
1602
1554
1485
1357
1357
1350
1338
1317
1329
1242
1327
1225
1243
1275
1310
1289
1269
1216
1155
1166
1185
1163
1084
1049
1063
1071
1150
1169
1221
1257
1190
1152
1046
1058
1095
1111
1041
1054
956
1002
1005
1014
1060
1181
1188
1228
1182
1255
1231
1317
1266
1365
1296
1341
1303
1374
1609
1799
1786
1716
1640
1667
1736
1510
1589
1527
1452
1417
1484
1599
1618
1680
1637
1681
1574
1678
1751
1869
2087
2323
2372
2534
2757
2695
2524
2389
2103
1795
1680
1801
1982
2170
2388
2539
2579
2652
2550
2671
2545
2544
2400
1985
1931
2088
2075
1908
1743
1659
1753
1801
1981
2374
2598
2710
2678
2621
2611
2540
2421
2370
2320
2358
2635
2741
3123
2887
2643
2391
2316
2246
2082
1922
1910
1927
1920
1975
1946
1991
2028
2048
2052
2142
2066
2176
2073
2005
2079
2114
2175
2233
2254
2422
2541
2827
2918
2930
3058
3375
3591
3673
3592
3466
3223
3558
3813
3920
3877
3939
3607
3144
3050
2925
2829
2559
2374
2224
2182
2220
2333
2367
2358
2464
2568
2542
2582
2620
2732
2758
2841
2863
2933
2959
3006
3080
3027
3113
3114
3145
3076
2962
3048
3006
3036
2956
3008
3043
2952
2881
2890
2747
2610
2550
2403
2421
2324
2187
2071
1918
1796
1614
1447
1336
1179
1048
1019
978
996
1060
1113
1324
1340
1309
1566
1746
2240
2052
1976
1384
1346
1349
1395
1426
1442
1426
1475
1586
1615
1583
1444
1421
1450
1521
1545
1592
1500
1433
1653
1811
2234
2583
2827
3612
3809
3473
3216
2583
2416
2470
2512
2264
2129
2100
1738
1936
1911
1859
1604
1417
1329
1455
1733
1696
1774
2042
2106
1838
1925
1608
1709
1900
1933
2293
2697
3119
3767
3626
3592
3419
3028
2304
1817
1874
1932
1314
1351
1323
1448
1737
2187
2530
2866
2980
3268
3569
3345
3165
3000
2880
2736
2505
2566
2845
3179
3694
3488
3223
2837
2599
2730
2941
2754
2608
2492
2046
1743
1428
1334
1171
1078
1014
1012
925
943
896
898
893
945
940
912
869
856
858
886
911
916
915
886
866
901
842
891
795
832
836
852
854
908
949
979
926
838
812
895
971
1027
1102
1228
1333
1523
1666
1794
1746
1686
1637
1650
1604
1614
1546
1482
1403
1437
1373
1261
1337
1442
1408
1442
1511
1420
1451
1586
1825
2004
2057
1756
1264
1114
1018
1112
1194
1137
1206
1255
1349
1433
1470
1409
1544
1507
1741
1888
1802
1702
1566
1690
1612
1623
1519
1689
1530
1538
1615
1712
1943
1504
1338
1296
1315
1325
1215
1238
1232
1372
1450
1375
1354
1377
1269
1174
1270
1392
1264
1294
1282
1347
1462
1500
1633
1767
1942
1997
2260
2432
2591
2708
2918
3008
3118
3227
3347
3408
3444
3426
3323
3365
3234
3280
3235
3287
3297
3338
3332
3334
3283
3332
3443
3387
3426
3441
3507
3415
3472
3373
3489
3445
3531
3359
3442
3399
3477
3455
3414
3322
3169
3197
3202
3202
3148
3126
3123
3071
3017
2993
2886
2985
2894
2909
2868
2873
2897
2870
2823
2800
2751
2667
2668
2734
2750
2735
2829
2832
2875
2947
2954
3071
3281
3395
3510
3627
3759
3890
4132
4244
4317
4299
4293
4346
4362
4180
4008
3911
3746
3747
3725
3638
3782
3810
3777
3657
3809
3670
3589
3613
3637
3797
3914
4191
4487
4424
4609
4759
4976
4980
5195
5228
5086
5124
4667
4558
4330
4026
3665
3638
3612
3655
3875
3576
3361
3481
3440
3397
3494
3455
3430
3472
3309
2948
3000
3108
3221
3425
3648
3524
3562
3458
3500
3680
3584
3698
3681
3799
3694
3693
3669
3579
3608
3699
3648
3640
3813
3899
3628
3490
3383
3301
3050
3130
3139
3106
3289
3098
3061
3112
3098
3068
3028
2755
2649
2598
2657
2718
2669
2758
2844
2985
2974
2998
2959
3107
3098
3299
3438
3444
3296
3277
3223
3049
2766
2573
2548
2379
2276
2382
2761
2916
3137
2970
2701
2459
2457
2347
2253
2291
2358
2426
2470
2296
2135
2003
2053
2012
1844
1691
1791
1817
1910
1966
2026
2378
2521
2656
2965
3214
3569
4127
4442
4097
4208
4611
4319
3880
3595
3951
4170
3766
3569
3313
3222
3067
2775
2689
2662
2917
3024
2991
2907
3137
3115
3197
3468
3955
4292
4379
4196
4107
4091
4002
4078
3717
3299
3244
2960
2921
2888
2908
2957
3634
4184
4474
4585
4395
4431
4452
4380
3944
3772
4104
4162
4020
4155
3974
3998
3953
3923
4101
4184
4217
4236
4212
4365
4270
4226
4314
4229
4182
4055
3956
3940
3839
3846
3765
3746
3703
3628
3637
3586
3580
3597
3608
3695
3690
3826
3743
3670
3751
4010
3934
3949
3916
3675
3559
3554
3570
3383
3367
3290
3290
3279
3440
3450
3364
3561
3455
3609
3498
3477
3731
3973
4081
3971
4099
4000
4175
4078
4237
4478
4335
4265
4052
4138
4110
3973
3899
3877
3714
3682
3570
3599
3351
3463
3582
3548
3533
3491
3440
3393
3340
3444
3686
3942
4009
4077
4119
3887
3690
3579
3502
3372
3215
3133
3081
2834
2772
2828
2947
3082
2962
2858
2807
2814
2829
2739
2738
2905
2882
2970
3050
3097
3104
3113
2993
2851
2646
2616
2606
2503
2450
2398
2332
2320
2396
2382
2580
2616
2765
2980
3130
3008
3149
3176
2978
2928
2894
2882
3031
2934
2860
2669
2715
2680
2729
2741
2714
2725
2820
3085
3220
3142
3055
2923
2884
2952
3051
2905
3015
3105
3107
3021
3100
2984
3116
3049
3154
3064
3039
3037
2998
3055
3087
2999
2988
3005
3034
3034
3055
3026
3037
3030
2998
3028
