4236
4303
4218
4326
4397
4470
4400
4288
4092
3952
3838
3663
3584
3588
3579
3618
3547
3713
3626
3810
3828
3904
3892
4076
4187
4141
4335
4357
4381
4331
4159
4277
4110
4001
3852
3698
3676
3727
3936
4009
3887
3915
3920
4035
4101
4247
4272
4339
4285
4237
4336
4151
4057
4188
4081
4037
4210
4211
4185
4057
4146
4150
4142
4264
4239
4313
4521
4558
4751
4699
5018
5038
5194
5404
5505
5686
5875
5925
5701
5718
5416
5510
5453
5631
5702
5818
5864
6082
6289
6386
6345
6284
6231
6150
6058
5979
6040
6034
5900
5841
5982
5906
5621
5554
5528
5476
5462
4309
4249
4016
4073
4194
4283
4414
4389
4484
4197
4365
4317
4216
4072
4250
4326
4513
4610
4494
4396
4391
4544
4328
4255
4396
4074
4034
3989
3875
4000
3975
3829
3811
3647
3419
3591
3535
3717
3727
3800
3734
3843
3861
3998
4059
4091
4024
3912
3842
3674
3504
3104
2797
2643
2593
2611
2511
2626
2766
2887
2794
2668
2689
2613
2539
2335
2515
2441
2448
2471
2480
2440
2410
2406
2369
2173
3201
3144
3122
3127
3137
3127
3159
3145
3169
3170
3188
3211
3208
3168
3147
3163
3208
3215
3155
3156
3086
3093
3090
3070
3093
3102
3115
3158
3124
3151
3147
3210
3154
3078
3201
3134
3135
3145
3091
3034
3098
3045
3106
3132
3197
3190
3122
3169
3118
3055
3170
3162
3211
3157
3091
3067
3095
3084
3122
3187
3118
3155
3164
3169
3160
3099
3145
3144
3139
3122
3156
3154
3112
3134
3117
3148
3127
3145
3152
3123
3131
3127
3094
3155
3143
3109
3176
3076
3111
3161
3132
3116
3153
3141
3117
3156
3147
3095
3120
3187
3119
3140
3096
3100
3126
3083
3132
3178
3114
3171
3049
3143
3126
3161
3185
3172
3143
3167
3115
3175
3136
3123
3112
3152
3144
3175
3164
3176
3107
3089
3097
3148
3159
3170
3151
3189
3076
3131
3120
3112
3086
3090
3071
3125
3112
3171
3177
3145
3144
3131
3153
3144
3101
3070
3090
3216
3164
3202
3222
3205
3162
3225
3133
3169
3223
3224
3188
3206
3197
3177
3138
3086
3050
3017
3031
3074
3169
3195
3155
3214
3249
3237
3184
3114
3076
2915
2899
2858
2842
2912
2901
2982
3044
3037
3042
3109
3087
3149
3170
3123
3116
3158
3089
3032
3059
3086
3158
3169
3180
3159
3163
3159
3091
3157
3240
3215
3192
3301
3236
3248
3231
3138
3221
3241
3284
3239
3243
3230
3281
3215
3208
3187
3171
3198
3153
3187
3238
3152
3120
3081
3067
3210
3225
3237
3198
3222
3210
3154
3204
3202
3268
3241
3242
3161
3180
3199
3147
3219
3195
3139
3214
3201
3201
3218
3167
3176
3187
3128
3141
3195
3166
3242
3231
3170
3139
3191
3191
3147
3224
3171
3162
3211
3206
3093
3165
3161
3185
3162
3168
3133
3148
3199
3151
3194
3206
3191
3191
3201
3248
3220
3198
3260
3132
3242
3217
3347
3293
3214
3302
3154
3188
3154
3159
3078
2985
2971
2977
3012
2852
2825
2861
2856
2834
2886
2884
2904
2822
2899
2894
3021
2972
2908
2986
3050
3034
3059
2964
2958
3016
3004
2850
2811
2733
2789
2706
2717
2816
2862
2929
3043
3171
3197
3312
3406
3412
3497
3464
3265
3194
3329
3518
3382
3166
3084
3027
3056
2900
2855
2870
2840
2752
2530
2422
2281
2148
2101
2074
2222
2218
2363
2382
2504
2165
2144
2176
2218
2150
2183
2155
2174
2162
2161
2144
2198
2163
2167
2222
2187
2232
2214
2243
2212
2160
2162
2218
2229
2192
2147
2157
2147
2164
2180
2178
2152
2152
2182
2204
2186
2217
2185
2221
2174
2224
2205
2182
2136
2173
2169
2143
2107
2137
2077
2082
2049
2077
2113
2057
2105
2088
2097
2161
2120
2166
2149
2173
2139
2104
2065
2069
2062
2114
2120
2095
2102
2078
2105
2060
2106
2097
2090
2129
2132
2127
2132
2134
2198
2180
2232
2208
2198
2228
2245
2216
2260
2205
2233
2272
2239
2248
2250
2299
2267
2274
2237
2234
2250
2220
2194
2237
2254
2289
2262
2236
2193
2165
2233
2259
2209
2192
2164
2231
2242
2205
2222
2275
2263
2249
2284
2227
2260
2247
2255
2285
2278
2194
2210
2217
2172
2180
2194
2201
2214
2223
2203
2242
2249
2238
2219
2180
2199
2185
2200
2244
2205
2191
2222
2246
2245
2216
2224
2216
2169
2234
2236
2147
2277
2317
2242
2223
2156
2187
2220
2182
2173
2136
2126
2121
2107
2187
2148
2132
2164
2113
2108
2098
2130
2190
2173
2188
2202
2210
2175
2210
2234
2236
2228
2188
2180
2175
2207
2230
2185
2208
2218
2228
2227
2215
2195
2174
2212
2192
2198
2231
2203
2179
2185
2184
2194
2161
2203
2192
2247
2161
2168
2162
2186
2183
2217
2229
2223
2234
2249
2197
2172
2180
2184
2168
2224
2185
2169
2214
2175
2192
2143
2160
2162
2186
2169
2198
2182
2196
2161
2154
2169
2215
2160
2204
2177
2181
2204
2177
2135
2211
2180
2173
2220
2214
2261
2214
2226
2209
2226
2253
2183
2201
2185
2220
2213
2222
2185
2244
2232
2276
2242
2177
2223
2182
2182
2223
2236
2233
2260
2211
2298
2238
2215
2198
2287
2270
2352
2305
2297
2316
2357
2331
2340
2432
2391
2342
2290
2353
2206
2292
2117
2135
2135
2113
2218
2185
2101
2061
2194
2194
2175
2205
2332
2405
2490
2503
2478
2464
2426
2354
2345
2249
2206
2148
2107
2199
2176
2282
2268
2397
2305
2452
2413
2455
2354
2375
2356
2294
2252
2265
2190
2233
2181
2157
2183
2186
2287
2330
2328
3422
3346
3382
3414
3497
3560
3634
3761
3694
3728
3725
3837
3825
3729
3677
3686
3650
3726
3745
3793
3861
3646
3713
3699
3813
3777
3666
3624
3711
3777
3742
3700
3677
3690
3768
3706
3765
3772
3738
3640
3673
3683
3621
3619
3524
3460
3461
3374
3212
3072
2873
2688
2679
2668
2709
2650
2696
2587
2679
2711
2746
2836
2795
2784
2882
2812
2665
2616
2705
2717
2734
2890
2743
2854
2915
2870
2735
2812
2566
2642
2735
2473
2492
2395
2390
2492
2500
2524
2574
2642
2861
2956
3039
3060
3024
3055
3154
3058
3084
2959
2937
2968
3079
3148
3144
3231
3166
3018
3020
3091
2935
2980
3011
3121
3193
3227
3326
3538
3586
3877
4112
4078
3696
3534
3251
3227
3228
3381
3393
3522
3637
3703
3772
3831
3746
3604
3632
3672
3783
3746
3638
3625
3512
3471
3468
3635
3627
3672
3769
3576
3539
3695
3593
3539
3499
3433
3378
3455
3480
3514
3730
3778
4045
4111
4045
4149
4332
4259
4154
4008
4024
3853
3811
3789
3936
4123
4506
3977
4341
3744
3563
3330
4038
4373
4255
4085
4287
4165
3497
3688
3521
3449
3501
4837
5770
5748
4869
4710
3612
3232
3556
3418
3748
3538
3336
3548
4591
3522
3896
2681
2297
2435
2391
2584
2272
2464
2501
2495
3188
3147
3098
3170
3205
3214
2912
3123
3159
3248
3210
5178
5180
5318
4798
4471
4872
7228
6606
4808
4841
4669
5822
4316
4466
4891
4804
2137
2350
2840
1957
2045
2301
2364
2588
2325
1877
1705
1997
2867
3108
3815
1377
1406
2475
2560
2481
2507
2541
2629
2646
2444
2570
2573
2467
2765
1785
2026
2108
2047
1862
64
3048
4039
5464
5169
3327
2560
2061
2284
2223
2187
2297
2194
2268
3666
3461
3672
3539
4351
3749
3471
4506
4138
3383
3018
4650
2900
2591
2902
2972
2811
3194
3241
3371
3186
3112
3328
2470
5377
5967
2936
2237
2799
2996
3141
1824
2706
3640
4880
4331
4963
2158
2905
4224
4327
4123
3664
3952
4586
3835
4053
2050
1870
3921
2461
2738
3229
3545
3964
3887
6328
5931
1376
1126
1288
2177
1724
1205
1797
3878
2055
1914
2897
3046
2017
4122
3949
4719
4056
3015
3109
3120
2213
1414
2180
1805